<?xml version="1.0"?>
<opencv_storage>
<bocomflag_Key type_id="opencv-sequence">
  <flags>"untyped"</flags>
  <count>115</count>
  <dt>"6i"</dt>
  <data>
    1131892606 1110394562 1 18 1113788158 1191430064 1134367128
    1110788509 1 18 1090724322 1191363121 1127822512 1093910717 1 15
    1131901058 1187986193 1132396928 1095204918 1 14 1135868048
    1187320601 1126528878 1098057185 1 16 1129614321 1186838350
    1122067119 1108481189 1 21 1121299100 1185695579 1120997199
    1106209492 1 15 1124154740 1184304503 1134279450 1098214052 1 16
    1132807452 1184266776 1122215388 1103644385 -1 16 1102064677
    1184260244 1123379871 1108120797 -1 21 1135224987 1183820302
    1134038269 1107838734 -1 29 1103390605 1183811964 1131070960
    1109187972 1 20 1116110687 1183560723 1126283131 1109894325 1 21
    1128319674 1183417722 1134361914 1103904304 1 16 1132873772
    1183245136 1124230948 1111279799 1 16 1119823343 1183121778
    1120908846 1108827301 -1 16 1124517443 1182904665 1134191390
    1106729100 -1 15 1120355153 1182530189 1134351457 1097698520 1 20
    1132966458 1182428425 1131352239 1111604261 -1 22 1117061190
    1181890330 1126400067 1110007611 1 16 1119317594 1181701678
    1126699785 1107851932 -1 20 1128128353 1180969166 1128031859
    1110854234 1 15 1119211512 1180716359 1133814041 1095853748 1 23
    1129130198 1180533205 1134567489 1106032878 -1 15 1091338488
    1180505454 1134617370 1106727776 -1 21 1093344651 1180494991
    1109335231 1102799779 1 27 1132905234 1180480612 1114025296
    1109243774 1 30 1087852752 1180275480 1126994056 1100956836 -1 16
    1129722786 1180017673 1111462840 1110361550 -1 16 1125548535
    1179974395 1133682255 1106264558 1 16 1129826796 1179847595
    1122232211 1111270540 -1 22 1120179461 1179800338 1128658705
    1110791880 1 16 1115810433 1179673082 1121454966 1100911967 1 14
    1132431336 1179540775 1132378509 1107631830 1 15 1122095403
    1179386400 1110716665 1108911334 -1 30 1124062862 1179231443
    1130692041 1104205611 1 34 1129126673 1179093706 1112977207
    1112148006 1 15 1107711076 1179051158 1128394603 1109111594 -1 16
    1135349954 1178830270 1122205546 1110747826 -1 16 1121959268
    1178657187 1122518409 1099143551 1 15 1132995402 1178263619
    1133652723 1107116766 1 23 1129622961 1178053438 1126651504
    1107027340 -1 15 1127613062 1178026194 1128451744 1108680050 -1 20
    1135500187 1177751965 1133903634 1102482670 1 20 1129820972
    1177735653 1132704430 1107486850 -1 15 1134754512 1177505805
    1131479542 1102911465 -1 15 1127457058 1177490833 1121143168
    1101639025 1 23 1131162630 1177105623 1132469504 1110252002 -1 15
    1108708308 1177009906 1126711094 1108725863 -1 15 1127852208
    1176630239 1131024992 1105809789 1 14 1135801256 1176552320
    1100403040 1104579033 1 21 1112696893 1176283818 1133895657
    1106463570 -1 15 1092475237 1176202164 1121323983 1095905891 -1 15
    1132146038 1176139644 1110829528 1113650716 -1 20 1113762393
    1176084494 1127943810 1112867162 -1 16 1119299702 1176081070
    1130737309 1101928989 1 15 1129803202 1176009983 1133583744
    1108828140 -1 14 1126833805 1175781895 1103906575 1101285630 -1 14
    1135700053 1175344852 1105525775 1107537973 -1 32 1120881554
    1175204832 1133560805 1101971442 -1 19 1129873785 1174876930
    1127541590 1102161982 1 15 1128882751 1174747546 1127760948
    1103816204 1 31 1135582010 1174654659 1130484614 1109196924 -1 16
    1128692939 1174610519 1124030282 1108301829 -1 30 1134191027
    1174526388 1100510359 1097257439 1 16 1135752223 1174485434
    1133583394 1101656772 -1 17 1129830242 1174442199 1133488708
    1109447487 -1 21 1125935818 1173805368 1132508212 1111658662 -1 28
    1132877596 1173459185 1097411090 1112131642 -1 22 1084667430
    1173342109 1130419567 1108063255 -1 15 1128455304 1173312346
    1130426912 1112962279 -1 15 1132550400 1172875197 1123328519
    1104034928 1 21 1115916345 1172192009 1128165775 1099358580 -1 17
    1098664753 1172088665 1134201891 1112779974 -1 14 1132913786
    1171686514 1125992755 1108771446 -1 15 1126813654 1171582028
    1131435808 1107442435 -1 17 1135603718 1171572874 1126724747
    1101821644 -1 14 1128472934 1170760743 1126833750 1093260299 -1 15
    1131846704 1170653141 1132638032 1100974131 -1 20 1135643284
    1170331330 1128237686 1099236743 -1 19 1135475783 1170230929
    1128785301 1112780398 -1 14 1133049081 1169654159 1127176959
    1107439822 1 21 1128390149 1168884577 1122992797 1103688557 1 16
    1118211759 1168496036 1125583766 1112865810 -1 16 1132769464
    1168352176 1134579065 1112731875 -1 14 1132832924 1168140339
    1118753609 1113187221 -1 17 1133434314 1167847208 1120163211
    1112995038 -1 17 1131723586 1167761239 1129392272 1112981332 -1 15
    1131716091 1167569014 1127163572 1105494854 1 22 1128449118
    1167382552 1134075379 1100009455 -1 22 1132555038 1166413249
    1126112122 1099597464 -1 15 1128235478 1166290218 1133255179
    1113017884 -1 15 1133547248 1164427867 1132239132 1112694454 -1 15
    1132697743 1164378074 1124219365 1101230486 -1 19 1115365513
    1164022812 1108366669 1107252577 -1 20 1121475188 1163987512
    1134896468 1112967346 -1 15 1133234751 1163417926 1133328636
    1111844708 -1 33 1132849870 1163369733 1134714653 1098069253 -1 16
    1133507546 1162174760 1132800444 1112844559 -1 15 1132949642
    1161977314 1133580204 1112703933 -1 15 1132908502 1160104827
    1127174690 1112305877 -1 16 1119989941 1160014933 1099287247
    1108483214 -1 23 1109632559 1159899761 1129884419 1111724278 -1 23
    1132862734 1159581740 1121342213 1110757684 1 13 1116616899
    1158188055 1130905338 1112361576 -1 14 1116487155 1157207566
    1134698209 1112216827 -1 20 1132984833 1156881386 1126514673
    1111625986 -1 15 1119437679 1156864244 1119792801 1108560900 -1 31
    1126352396 1155939394 1121810605 1113150941 -1 23 1132796916
    1152325446 1123188658 1111041054 1 15 1122707886 1149785944
    1131722499 1108442111 -1 22 1135496815 1149608256 1131683235
    1107723666 -1 34 1135558383 1147278760 1122952915 1110684534 1 13
    1123533777 1145959082 1130559630 1098056102 -1 23 1130013626
    1143097284 1130271655 1101109694 -1 23 1129923531 1141403377</data></bocomflag_Key>
</opencv_storage>
