<?xml version="1.0"?>
<opencv_storage>
<jzd_Des type_id="opencv-sequence">
  <flags>"untyped"</flags>
  <count>40</count>
  <dt>"128i"</dt>
  <data>
    931986104 964140774 968227454 973363456 -1202191415 948922662
    -1208038677 939444971 -1126288869 1021313811 -1131469261 1020129238
    -1149023502 998460146 -1147572920 1024790979 1003944073 1008230142
    1008769706 1008958098 1009575482 1033672946 1012560903 1018595250
    964008198 991854022 -1188168124 992681835 976180744 986314538
    983182945 1005585640 987583278 987947982 -1140503769 1011914805
    -1179006317 979315053 -1154559149 993106851 1047136081 1048012293
    -1108759482 1050269704 1032263933 1034380281 -1116067796 1038482221
    -1105035757 1044828081 1024831411 1029158171 -1106994165 1047117244
    1049678716 1051432240 -1144149396 1014114759 -1145319931 1018822589
    -1143604091 1023913733 -1165648092 1025038687 -1131856426 1018081437
    -1149908615 997575033 978323069 978323069 973787650 977091834
    -1147463556 1044880503 1033009599 1051761226 -1127080184 1032362517
    -1119762655 1038214797 -1132669898 1019903646 998683081 1017523950
    -1110457200 1052931236 -1119727110 1048868913 -1135471010 1022253532
    -1145533032 1015441680 -1165279464 1024674907 -1173181867 1025108546
    -1160128374 989236909 961316097 961316097 -1231721829 957037326
    972569071 972569071 -1151190050 1023964385 1021432358 1021432358
    1007327770 1012745934 1021804327 1021804327 -1183970521 982379705
    963922772 980496408 995710082 998934162 985608156 988872029
    -1140881294 1008819501 978433207 989580464 978604507 992129075
    978887121 992748542 -1162334578 992280338 -1170342085 989377447
    -1243993293 979288902 1005016415 1005957918 1015242272 1027117896
    -1152397505 1008840563 1013637374 1020958922 -1138166704 1016790222
    -1131666407 1027260041 1003180706 1026029374 -1162442917 1016752048
    992674155 1000622872 -1183299871 978350239 -1164219337 994643426
    -1156505738 999379138 -1152577990 996589500 -1131815186 1015668462
    -1146283095 1001456552 -1198134360 967827774 1006530305 1025151812
    1041959470 1052913606 -1117590609 1042631529 1031935739 1041006733
    1013016401 1041253873 -1120280078 1045725915 -1140219069 1050503891
    1014721668 1039276288 1029667135 1040667935 -1124908011 1023564690
    -1143586833 1019593466 -1155480728 1002058811 1000779894 1017594514
    -1145353785 1003303229 -1139827799 1007706947 959759394 963029704
    -1175643363 999520239 -1110974129 1043338259 1041584625 1055537824
    -1114681037 1038566864 -1110546201 1037805282 -1121654524 1046400632
    -1123856124 1052634831 -1140296148 1032997899 -1108025514 1044339200
    -1137031096 1019084694 -1129307025 1023143599 995849575 1006754339
    -1131970983 1022078930 -1167023464 980460184 -1158985662 988497986
    937246681 937246681 968989406 973720763 1020242834 1035074921 0 0
    1026818774 1026818774 1008491957 1008491957 -1123574355 1032272929 0
    0 1015911201 1015911201 1012673120 1012673120 995335125 1008351577
    923828246 923828246 1002232259 1002253627 986659048 986659048
    -1167063960 983418251 996673096 1001072892 -1145637768 1001888351
    -1215141551 990030936 -1137703229 1017302713 1013743153 1015966279
    -1122051153 1027388666 1014835064 1015937259 -1198482939 949000709
    1006924919 1014817854 -1115500637 1031983011 -1122024913 1025473558
    933271367 941139911 1000437955 1000475412 -1146867415 1000755301
    -1206947379 941844306 -1130182515 1019066483 1026598434 1027022490
    -1128598544 1020343337 1021004679 1021126929 -1100237604 1047246044
    1040582565 1042416557 -1099521473 1047962175 1046745026 1050443280
    -1139867006 1037624013 1043743349 1046474570 -1131819605 1045683961
    1041433537 1043549121 1015243317 1015788150 1019377921 1019404966
    1019371512 1021036171 969698953 973985206 1022326125 1024485460
    1009879182 1016051929 -1148919730 1023967798 990610792 1006921817
    -1120361227 1050114992 1021252455 1031263066 -1113513064 1045825659
    1043558101 1049705971 1032784267 1039568622 1042742757 1042742757
    1035254635 1040375162 1038164588 1038164588 -1182365616 965118032
    -1180199288 982547677 -1170741639 977572338 -1172795414 982486045
    -1146210432 1004348711 996692364 996692364 977392103 984367532
    998256593 998256593 1004882202 1010029415 1009163095 1009483780
    1007407186 1013126938 996503171 997353164 -1185092797 976115762
    -1201471897 985428533 963231755 988118104 -1169978839 977504809
    -1200621339 951216279 946147892 946655695 -1198279974 949711479
    949174942 949428844 -1247726356 919307613 956454836 999795142
    -1156803507 990714715 -1158944763 988630338 -1209171483 959826759
    1015160023 1029337033 -1123409212 1024091720 -1131971281 1015512367
    -1197220309 952014732 -1171047973 1028025818 -1130551918 1017015664
    -1122866908 1024646545 959280774 959785520 -1156899986 992797877
    -1185432186 971179911 -1151396865 996181424 995914665 1022510671
    966372874 1019521404 993386658 1009085108 1001512941 1024148733
    1043095192 1055585192 -1150790587 1028293706 1026667908 1027049365
    1030387408 1036700733 -1103240367 1049834118 1027862111 1044131691
    -1121377717 1029230629 1042551088 1048968857 1026241262 1026241262
    -1132331504 1020676651 1000047903 1012254669 -1132980888 1014502760
    997907859 1023301129 1007716697 1023921897 -1157127724 998619827
    -1205403811 1007522525 -1146588745 1048737752 1041373676 1052984555
    -1140398497 1008855603 -1124277031 1025163580 -1122628904 1031243747
    -1100285014 1051476433 -1125348228 1022359596 -1105437047 1043880927
    999114800 1009302128 1021733569 1023968321 -1131625548 1018624581
    -1152039099 1001765379 -1165196338 988342446 -1164121676 993334047
    976168840 991194283 -1184443861 1001202749 992831390 1021155512
    1001949780 1020968754 -1151018004 1013454922 -1148774889 1017509890
    -1138157099 1021330348 -1138991928 1018315887 951648377 977060238
    -1161466270 1006852962 991061378 1002621359 951365094 961343044
    970194251 971724151 963626736 964510249 992764855 997313523
    -1141909416 1006834130 974074463 981185049 -1148671812 1005693106
    1006927879 1022795262 -1119406148 1029689991 1006250576 1016451872
    -1148006612 1022927342 1032415578 1032481266 -1156574280 999340305
    1024134985 1026505370 -1148439928 999043720 980710155 981051071
    956809644 957618105 974751172 976157793 -1232087136 922413611
    -1145220577 1015272140 -1120868396 1030743252 959271477 999904209
    -1132573494 1021577835 -1116711699 1053212068 -1109780158 1045493881
    -1122058815 1035667991 -1123148963 1035118170 1048133035 1048133035
    1047233275 1047233275 -1106968266 1042662582 0 0 983635670 984688777
    981572580 986648411 -1166681252 983137548 -1194248018 963193331
    -1132753710 1024982353 -1130614640 1023640102 993201629 999778598
    -1158578057 1007942513 -1121725899 1050729795 1031241123 1035894293
    -1161970400 1034581017 1044981677 1050624038 1042644177 1042710518
    1024534698 1024534698 1047410337 1050852941 973181487 973181487
    990630068 990976778 990413004 991340757 976664341 998857864
    923072134 965467420 970997944 1003025634 -1156212393 998634954
    988439327 989083197 981485874 987931542 -1167653736 1024665919
    -1127342311 1024347934 1011052464 1011497213 -1130212662 1025138137
    1019815227 1019906098 1027329350 1027329350 -1131397711 1023371141
    983498324 983498324 951422123 956839291 934507988 946905679
    940529507 957908650 -1222992182 938803479 -1204392653 1009609132
    992620980 1006545252 950859548 974581994 946710553 971425161
    1031960469 1032106818 -1121832397 1029339402 1006225059 1009837661
    -1130794814 1016870897 -1139074820 1034822032 -1140923863 1006559785
    1003987001 1003987001 1007403182 1008805379 978931139 978978732
