<?xml version="1.0"?>
<opencv_storage>
<jzd_Key type_id="opencv-sequence">
  <flags>"untyped"</flags>
  <count>40</count>
  <dt>"6i"</dt>
  <data>
    1124177900 1108233756 -1 15 1132879602 1172567660 1096196602
    1105888493 -1 13 1135840981 1170445690 1127714921 1108880127 1 14
    1111962833 1168734356 1127373548 1107298648 -1 12 1127395460
    1168187944 1122632429 1102044313 1 14 1127325682 1167596622
    1123228314 1099121299 -1 16 1127275640 1166981791 1124647169
    1093388263 1 17 1134811576 1166221133 1100726473 1108951342 1 15
    1111345282 1166097979 1115355658 1102667610 1 17 1127356674
    1164739776 1103331612 1099807458 -1 13 1077783670 1164448291
    1126727792 1104637199 1 22 1126805604 1163914681 1107788173
    1107562794 -1 16 1134873389 1163079327 1122681465 1108108448 1 18
    1128275772 1162235475 1124604163 1102111645 1 15 1099030902
    1161321108 1125026698 1106810341 -1 21 1135359549 1160731974
    1123939955 1102285378 1 14 1127644695 1160170032 1127768553
    1096697092 1 15 1070455317 1159827651 1123920981 1094727950 1 13
    1127358993 1159433017 1124931083 1105449268 -1 16 1092503162
    1159016896 1116711331 1103525852 -1 21 1076183061 1158470857
    1093299442 1096177937 -1 17 1135490536 1158296630 1115995793
    1099603869 1 20 1087213828 1157919887 1118143855 1102071640 1 32
    1135862719 1157683330 1126399272 1107837984 -1 14 1126465272
    1156117560 1128513342 1104950616 -1 16 1135064603 1155695166
    1131085759 1108112177 1 15 1127062366 1154909768 1099797405
    1107799740 1 15 1135459472 1154253475 1100026250 1102983244 1 15
    1061877506 1154085632 1121724731 1106034923 -1 20 1128568981
    1154072739 1127710817 1102727816 1 13 1073302102 1153935908
    1118773267 1103060981 -1 15 1092082061 1153551811 1117008646
    1107473046 -1 21 1127666065 1152505678 1114213040 1106919534 -1 16
    1127200818 1151994876 1124413473 1102478200 1 30 1079649332
    1150876593 1113526406 1099773194 -1 19 1127761389 1149821344
    1103038108 1104919288 -1 20 1135519589 1144771321 1128617649
    1097328922 -1 15 1110597409 1144763960 1121959610 1098374647 -1 16
    1125430873 1143796250 1128766213 1097663479 -1 21 1108980165
    1141656392 1103664075 1103880250 -1 17 1135723495 1140911428</data></jzd_Key>
</opencv_storage>
