<?xml version="1.0"?>
<opencv_storage>
<kaifahuxukezheng_Des type_id="opencv-sequence">
  <flags>"untyped"</flags>
  <count>42</count>
  <dt>"128i"</dt>
  <data>
    -1153738991 997248308 -1175088411 976631023 962541945 969731134
    984732103 991074839 -1137476654 1010494481 991546318 992860987
    -1135429520 1013098745 1030004115 1032008119 -1148522295 1006587934
    989882343 990048982 1019775966 1034209998 1021888560 1023645052
    -1158108498 992641794 966614412 966848310 -1147804140 1001147050
    1008237553 1008449522 -1197758097 975968648 988723870 992670369
    -1156381896 992037991 960388080 975973228 1021675399 1047477503
    -1125791229 1050377788 -1120563867 1044786979 1019066599 1043497810
    -1130022362 1051672018 1008825614 1035323406 -1120476826 1049056889
    1020229693 1041721520 -1134973246 1026749942 -1128437367 1020022837
    988689064 996165733 -1151706875 1006366498 -1182115351 1002647540
    -1155576484 992326398 990310629 991114062 -1162095948 986669394
    1035422773 1041535142 -1121249402 1053383465 -1113730147 1041775793
    1018936877 1045689008 1040143134 1051316986 -1105747201 1047680350
    -1125501310 1043976159 -1119967095 1044107678 -1131337481 1029188973
    -1124047909 1024066376 987882871 988983618 -1144472927 1004902338
    -1164222555 983261093 -1208121359 939362289 951587426 951587426
    970168391 971065405 1008594934 1020397317 961836589 969761089
    1016194790 1016462122 1015086197 1015149617 -1140362055 1024211740
    -1152277201 995206447 1009267877 1009267877 1021313007 1024391461
    995924837 995934454 -1138603835 1010281178 982302575 982608271
    -1150578390 996922316 -1171965174 975518474 966968638 966968638
    -1169922204 977665973 984615234 984615234 958538794 967814535
    989487482 1008067675 -1131853567 1015778777 -1135958604 1012591815
    993841301 993841301 -1141889110 1026100758 -1139675440 1010078982
    -1125075836 1022407812 941729452 941729452 -1247254789 900228859
    939660125 939660125 -1247254789 900228859 -1170224491 977259157
    -1168128082 985903091 -1167871051 979954434 988215847 991408434
    1048584492 1049427474 -1106552192 1049066616 1028266731 1035001861
    -1126084505 1026386202 -1096235658 1051267882 1045559410 1048986139
    -1115603663 1032212832 1037243619 1038004743 -1248576640 952852055
    -1151202957 1006716109 -1161977232 986329926 -1146146531 1001530680
    -1173506469 973977179 -1131910073 1015672489 -1204054049 957500141
    -1129899525 1017789293 1035117156 1036810104 -1127783224 1051484227
    -1108870120 1049341869 -1120619896 1032765172 -1113378431 1040701135
    -1117797847 1041740265 -1126049968 1045734989 -1119576067 1047378592
    -1148997010 1010485413 1020405302 1030602674 -1123279667 1025432448
    968035780 1012717630 1002645530 1003149440 -1150107684 997440631
    1001128835 1001236612 -1152223495 996616913 -1124340136 1027084869
    1025174949 1025174949 -1139250331 1019369309 1022396235 1022396235
    1022045643 1022549180 -1123944191 1023850022 993136578 1020454694
    -1134259609 1016167536 -1149045141 1007107320 -1154574910 999851902
    985867189 993848184 -1178623292 989395376 -1190617103 966690422
    -1160525812 992945718 941077757 987152160 -1146653641 1004595269
    -1148314459 1012827739 -1151682648 1002325634 1019032076 1026339516
    -1129301454 1028898931 -1123898954 1024178974 1026282115 1026943746
    -1138469893 1010329480 1001597097 1001673807 1007856294 1007912534
    996458177 996818901 -1161933506 986419867 -1242257803 937417286
    -1138672281 1026681091 1024325384 1032470082 -1144934968 1015901708
    996224073 998950623 -1103661982 1044994861 -1105526430 1045793829
    -1113164578 1041296005 -1105534675 1047470847 -1104905856 1048590007
    1053342206 1053373504 -1115057493 1032582363 1023522665 1023572738
    1029491947 1029562700 1024583896 1024590881 -1141233723 1010646314
    941737810 951977076 -1124309341 1027483867 -1147051170 1015694711
    1011306908 1017748216 1008837847 1008997702 1009579260 1044116393
    998011973 998011973 1039253453 1041058188 1048641760 1048641760
    -1127580146 1047546790 1029235122 1041286495 1024768129 1037006646
    1030516444 1042477230 1000813979 1023893865 1017971179 1026676858
    -1148626116 1008046799 -1158133564 1002682254 -1192087935 955395713
    -1182433049 965050599 0 0 952330851 965415960 969404028 978562746
    966411052 966411052 966378321 976963307 960061707 960061707
    -1128614822 1020675221 -1233413537 914070111 1005674748 1005674748
    1012936049 1012944099 1002008227 1002113238 959812018 962550458
    1004821099 1005261407 -1231704783 928231559 975396730 999419428
    -1146419027 1006549362 963812539 987826402 -1153098651 999051179
    1018776782 1024932298 -1129497581 1021422685 1026756913 1028302375
    -1169921351 1018851306 1013021515 1024603868 -1134581722 1019866733
    -1144706742 1028569019 1019386834 1023633566 993141980 993563445
    990706602 990915384 996534316 1010680054 932380448 948834295
    -1141256805 1024722509 -1136146593 1015389261 -1143682312 1011273851
    1011883336 1029040016 -1131563427 1030805887 -1103420707 1048148761
    -1106039107 1044346831 -1107843570 1047841118 1041557315 1045320418
    1043143985 1046693918 -1103760287 1049255536 971179121 1005343609
    978238988 982797211 998348599 999354920 -1147608474 1008879341
    -1192582095 981688675 1020555643 1021811749 996811358 1005040653
    1014407238 1023457966 -1144820439 1005725075 -1109764176 1042946577
    -1100937522 1049079227 1008146717 1018029076 1043686919 1049377583
    1043860771 1048603677 1030994690 1032633288 1043561807 1048313252
    1039778573 1042713268 1017344715 1017746537 1016119819 1016177893
    996619882 1025959668 -1195508461 961776677 -1222091890 965854222
    -1212888204 965549154 956053731 961728055 -1193061515 964453530
    993305168 1026967796 -1166155141 1030010289 1007746095 1012855694
    -1149746267 1009454250 998729266 999347638 1006327586 1006379578
    974471551 1000455847 956974804 958638512 -1193152296 958578674
    -1208343286 939140362 932831632 932831632 958250234 962692508
    -1153468373 994015275 992704580 996361367 -1156374348 991109300
    998723015 999973531 -1128187321 1019296327 1013072387 1013094118
    -1124410729 1023072919 1032274564 1032279998 -1142967819 1005522154
    -1150690802 1017235376 -1121842207 1025721686 -1128150180 1021133060
    962779028 966866704 1004887267 1005384025 -1140749976 1007556691
    -1170947724 981037183 -1128777639 1018944637 1024414091 1025471300
    -1124657701 1022996396 1014218133 1016536522 1042421147 1044631285
    -1105321383 1044575055 1041805506 1048523172 -1103583779 1044765112
    -1114360967 1051680698 1035671424 1041112456 -1148295184 1033891300
    1044578501 1045873202 -1119277615 1033196204 1017208906 1017847779
    1000752604 1012686914 1017020516 1017607922 -1119685722 1027797926
    -1120520057 1026963591 942273192 950891674 1011046920 1021035687
    -1142254754 1035517609 1044759017 1044759017 -1104434164 1048806413
    1044166423 1044166423 -1117523113 1041674899 1034176016 1048911862
    -1123823847 1045402902 1023892020 1046992716 -1120077979 1027562917
    994934624 1021399746 -1153551956 995902207 1011977778 1014767309
    -1139266815 1008217579 -1150115623 997368025 904705278 926974659
    973570808 987212940 1018663748 1018741649 1010394815 1010394815
    993356427 1004283601 962869768 962869768 -1189907547 984898880
    -1188397080 972277014 984832963 986014013 984675907 990304222
    -1162850372 992505626 962116100 962116100 974503902 980774016
    989530702 989530702 965073769 990182220 982547416 991305007
    997629023 1009114280 -1162147431 1001665621 -1135248429 1018030699
    -1153630657 1001976081 1020204693 1027326486 -1134705782 1030727539
    957778922 957778922 1028293502 1029574321 -1135524413 1012199168
    -1155557146 991926502 -1170436110 979531815 -1156686284 994471845
    -1168229267 982440599 -1140757638 1007979542 976477374 978812107
