<?xml version="1.0"?>
<opencv_storage>
<kaifahuxukezheng_Key type_id="opencv-sequence">
  <flags>"untyped"</flags>
  <count>42</count>
  <dt>"6i"</dt>
  <data>
    1128177933 1100841304 -1 16 1135656120 1193279717 1096932749
    1105802607 -1 16 1131621160 1191285397 1128536831 1104242430 1 15
    1091453050 1190912731 1126117943 1102351343 1 15 1135481063
    1189831511 1102577193 1102795139 -1 14 1133412298 1189400835
    1123088033 1101858342 1 16 1084426955 1188906806 1116548825
    1100739822 1 15 1135470511 1188622520 1125773992 1098703139 -1 16
    1127119398 1188129019 1120107157 1101558132 1 15 1127675256
    1188018186 1115738106 1095365401 -1 18 1129457631 1187445988
    1120724205 1097649505 -1 16 1117889572 1187231592 1122464891
    1097651695 -1 16 1120544450 1186742415 1114199150 1100766138 1 16
    1128626842 1186524402 1115718826 1103727520 -1 16 1126958582
    1185622872 1131960936 1100431804 1 13 1127556415 1185555684
    1127828483 1104269849 1 17 1126979324 1185037821 1098380059
    1101029050 1 17 1128815766 1184144720 1131535221 1093332112 -1 16
    1127644191 1183931116 1121051105 1097577862 -1 20 1118740064
    1183484747 1126477444 1098288192 -1 17 1101079483 1182923009
    1122143611 1097539338 -1 20 1119296673 1182330385 1117300803
    1095162803 -1 17 1114084079 1181252968 1125697296 1105372664 -1 16
    1126855858 1181215466 1131008839 1102736620 -1 15 1135473063
    1181096734 1112362639 1103752044 -1 16 1129338102 1179646830
    1117291825 1103836024 -1 16 1097446887 1179153608 1120657442
    1104589407 -1 15 1116818308 1179134478 1126478251 1105439007 -1 16
    1092291020 1178775965 1125163988 1100215866 -1 14 1085900777
    1178324117 1125056837 1093501514 -1 14 1104445624 1177655721
    1097697105 1094841186 1 13 1129165902 1177006483 1129588413
    1093316815 -1 15 1097851595 1176685620 1124488801 1100888849 -1 15
    1126395609 1174729869 1130238746 1103272548 -1 21 1127382008
    1170730558 1124290673 1102232164 -1 23 1126866990 1169649870
    1108393911 1099613566 -1 17 1135222399 1162251889 1108708834
    1100970231 -1 21 1135628239 1161202800 1119133151 1103303002 -1 21
    1127812414 1161153882 1130328423 1105834570 -1 14 1127549933
    1160206470 1125203198 1101856441 -1 23 1126322331 1157866518
    1124519956 1105830973 -1 14 1127718489 1157619462 1128883831
    1101758058 -1 13 1047087577 1143892119</data></kaifahuxukezheng_Key>
</opencv_storage>
